1
reconnect with files volume
12
xxxxxxxxxxxx
11
               
**  0 **
  6
 10
  0
  0
  0
  0
  0
  0
  0
  0
  0
  0
  0
  0
  0
  0

**  1 **
file1
65
1
file2
64
3
file3
64
4
file4
64
5
                    
**  2 **
  7
  0
  0
  0
  0
  0
  0
  0
  0
  0
  0
  0
  0
  0
  0
  0

**  3 **
  8
  0
  0
  0
  0
  0
  0
  0
  0
  0
  0
  0
  0
  0
  0
  0

**  4 **
  9
  0
  0
  0
  0
  0
  0
  0
  0
  0
  0
  0
  0
  0
  0
  0

**  5 **
0000000000000000000000000000000000000000000000000000000000000000
**  6 **
1111111111111111111111111111111111111111111111111111111111111111
**  7 **
2222222222222222222222222222222222222222222222222222222222222222
**  8 **
3333333333333333333333333333333333333333333333333333333333333333
**  9 **
a                                                               
** 10 **
  2
  0
  0
  0
  0
  0
  0
  0
  0
  0
  0
  0
  0
  0
  0
  0

** 11 **
